{"case_0": {"expected_value": 2.4, "variance": 1.14, "sample_shape": {"__ndarray__": [17], "dtype": "int64", "shape": [1]}, "sample_values": {"__ndarray__": [4.0, 2.0, 3.0, 3.0, 3.0, 4.0, 4.0, 4.0, 0.0, 2.0, 2.0, 1.0], "dtype": "float64", "shape": [12]}, "empirical_mean": 2.3945, "empirical_variance": 1.12186975, "empirical_distribution": {"__ndarray__": [0.049, 0.1455, 0.3165, 0.34, 0.149], "dtype": "float64", "shape": [5]}, "theoretical_covariance": 0.275, "joint_sample_shape": {"__ndarray__": [3000, 2], "dtype": "int64", "shape": [2]}, "joint_sample_values": {"__ndarray__": [[0.0, 0.0], [1.0, 0.0], [1.0, 1.0], [0.0, -1.0], [0.0, 0.0], [2.0, 1.0], [0.0, -1.0], [0.0, 0.0]], "dtype": "float64", "shape": [8, 2], "Corder": true}, "empirical_covariance": 0.26178555555555555, "centered": {"__ndarray__": [[-1.5, -3.0, 0.5], [-0.5, -1.0, -0.5], [0.5, 1.0, 0.5], [1.5, 3.0, -0.5]], "dtype": "float64", "shape": [4, 3], "Corder": true}, "covariance_manual": {"__ndarray__": [[1.25, 2.5, -0.25], [2.5, 5.0, -0.5], [-0.25, -0.5, 0.25]], "dtype": "float64", "shape": [3, 3], "Corder": true}, "covariance_vectorized": {"__ndarray__": [[1.25, 2.5, -0.25], [2.5, 5.0, -0.5], [-0.25, -0.5, 0.25]], "dtype": "float64", "shape": [3, 3], "Corder": true}, "numpy_covariance": {"__ndarray__": [[1.25, 2.5, -0.25], [2.5, 5.0, -0.5], [-0.25, -0.5, 0.25]], "dtype": "float64", "shape": [3, 3], "Corder": true}, "raw_gram_matrix": {"__ndarray__": [[30.0, 60.0, 4.0], [60.0, 120.0, 8.0], [4.0, 8.0, 2.0]], "dtype": "float64", "shape": [3, 3], "Corder": true}}, "case_1": {"expected_value": 0.8, "variance": 2.66, "sample_shape": {"__ndarray__": [17], "dtype": "int64", "shape": [1]}, "sample_values": {"__ndarray__": [3.0, -1.0, 1.0, 3.0, 1.0, 3.0, 3.0, 3.0, -2.0, 1.0, 1.0, -2.0], "dtype": "float64", "shape": [12]}, "empirical_mean": 0.7675, "empirical_variance": 2.59644375, "empirical_distribution": {"__ndarray__": [0.0925, 0.216, 0.453, 0.2385], "dtype": "float64", "shape": [4]}, "theoretical_covariance": 0.4800000000000002, "joint_sample_shape": {"__ndarray__": [3000, 2], "dtype": "int64", "shape": [2]}, "joint_sample_values": {"__ndarray__": [[-1.0, 3.0], [0.0, 3.0], [2.0, 3.0], [-1.0, 1.0], [-1.0, 3.0], [2.0, 3.0], [-1.0, 1.0], [-1.0, 3.0]], "dtype": "float64", "shape": [8, 2], "Corder": true}, "empirical_covariance": 0.4649424444444445, "centered": {"__ndarray__": [[-2.0, -2.0, -0.4, 2.0], [-4.0, -1.0, 0.6, 1.0], [0.0, 0.0, -0.4, 0.0], [2.0, 1.0, 0.6, -1.0], [4.0, 2.0, -0.4, -2.0]], "dtype": "float64", "shape": [5, 4], "Corder": true}, "covariance_manual": {"__ndarray__": [[8.0, 3.6, -0.4, -3.6], [3.6, 2.0, 0.0, -2.0], [-0.4, 0.0, 0.24000000000000005, 0.0], [-3.6, -2.0, 0.0, 2.0]], "dtype": "float64", "shape": [4, 4], "Corder": true}, "covariance_vectorized": {"__ndarray__": [[8.0, 3.6, -0.4, -3.6], [3.6, 2.0, 0.0, -2.0], [-0.4, 0.0, 0.24, 0.0], [-3.6, -2.0, 0.0, 2.0]], "dtype": "float64", "shape": [4, 4], "Corder": true}, "numpy_covariance": {"__ndarray__": [[8.0, 3.6, -0.4, -3.6], [3.6, 2.0, 0.0, -2.0], [-0.4, 0.0, 0.24, 0.0], [-3.6, -2.0, 0.0, 2.0]], "dtype": "float64", "shape": [4, 4], "Corder": true}, "raw_gram_matrix": {"__ndarray__": [[120.0, 78.0, 6.0, 22.0], [78.0, 55.0, 6.0, 20.0], [6.0, 6.0, 2.0, 4.0], [22.0, 20.0, 4.0, 30.0]], "dtype": "float64", "shape": [4, 4], "Corder": true}}, "case_2": {"expected_value": -0.27256657055746447, "variance": 2.2513302987643073, "sample_shape": {"__ndarray__": [17], "dtype": "int64", "shape": [1]}, "sample_values": {"__ndarray__": [0.9503696823969031, -1.523875997615861, 0.8164450809513273, 0.9503696823969031, 0.8164450809513273, 0.9503696823969031, 0.9503696823969031, 0.9503696823969031, -2.6125490126936013, 0.8164450809513273, 0.8164450809513273, -2.6125490126936013], "dtype": "float64", "shape": [12]}, "empirical_mean": -0.28474909176985136, "empirical_variance": 2.2476510939088215, "empirical_distribution": {"__ndarray__": [0.2445, 0.0715, 0.064, 0.022, 0.3615, 0.2365], "dtype": "float64", "shape": [6]}, "theoretical_covariance": 0.01077123619710263, "joint_sample_shape": {"__ndarray__": [3000, 2], "dtype": "int64", "shape": [2]}, "joint_sample_values": {"__ndarray__": [[-2.1396206560762394, -0.6294749609242508], [-2.1396206560762394, 2.5594880310377928], [-2.1396206560762394, 2.5594880310377928], [-2.1396206560762394, -0.6294749609242508], [-2.1396206560762394, -0.6294749609242508], [-0.7033438017074073, 2.5594880310377928], [-2.1396206560762394, -0.6294749609242508], [-2.1396206560762394, -0.6294749609242508]], "dtype": "float64", "shape": [8, 2], "Corder": true}, "empirical_covariance": 0.010466632823025844, "centered": {"__ndarray__": [[-0.10427716725400457, -0.3679324130244557, -0.3328710252316696, 0.8623666539202437, 0.10687225800871927], [-0.8620560727513235, -0.8740489456076003, 0.10562743847672112, -0.6187219709688819, -0.18968960557358922], [-0.45594678630864066, 0.5368521623241209, -0.9977362890484001, 1.006919097231276, 2.5941512982989776], [0.9671433918056332, 0.36614156512186014, 1.1491438638228526, -1.0941585099915028, -1.7674559567903505], [0.5472040843569977, -0.3906384125949621, -1.079295272487104, -0.9656644331735017, -1.3147140479350299], [-0.09206744984866222, 0.7296260437810368, 1.1551312844675994, 0.8092591629823663, 0.5708360539912729]], "dtype": "float64", "shape": [6, 5], "Corder": true}, "covariance_manual": {"__ndarray__": [[0.36752948961584214, 0.10337463069661819, 0.13550180809266307, -0.2794639612869296, -0.5852953121733315], [0.10337463069661819, 0.33442637382200086, 0.19661516634273626, 0.22185543508499425, 0.30034792266287047], [0.13550180809266307, 0.19661516634273626, 0.8228626945020836, -0.1062264194087403, -0.43276598687937634], [-0.2794639612869296, 0.22185543508499425, -0.1062264194087403, 0.8208283711460514, 1.0811720934713536], [-0.5852953121733315, 0.30034792266287047, -0.43276598687937634, 1.0811720934713536, 1.9925420286714248]], "dtype": "float64", "shape": [5, 5], "Corder": true}, "covariance_vectorized": {"__ndarray__": [[0.36752948961584214, 0.10337463069661819, 0.13550180809266302, -0.2794639612869296, -0.5852953121733316], [0.10337463069661819, 0.33442637382200086, 0.19661516634273624, 0.22185543508499425, 0.30034792266287047], [0.13550180809266302, 0.19661516634273624, 0.8228626945020836, -0.1062264194087403, -0.43276598687937634], [-0.2794639612869296, 0.22185543508499425, -0.1062264194087403, 0.8208283711460517, 1.0811720934713536], [-0.5852953121733316, 0.30034792266287047, -0.43276598687937634, 1.0811720934713536, 1.9925420286714248]], "dtype": "float64", "shape": [5, 5], "Corder": true}, "numpy_covariance": {"__ndarray__": [[0.36752948961584214, 0.10337463069661819, 0.13550180809266302, -0.2794639612869295, -0.5852953121733315], [0.10337463069661819, 0.33442637382200086, 0.19661516634273624, 0.22185543508499422, 0.30034792266287047], [0.13550180809266302, 0.19661516634273624, 0.8228626945020836, -0.1062264194087403, -0.43276598687937634], [-0.2794639612869295, 0.22185543508499422, -0.1062264194087403, 0.8208283711460516, 1.0811720934713533], [-0.5852953121733315, 0.30034792266287047, -0.43276598687937634, 1.0811720934713533, 1.9925420286714248]], "dtype": "float64", "shape": [5, 5], "Corder": true}, "raw_gram_matrix": {"__ndarray__": [[2.5129804694473847, 0.4197941145259311, 0.44964347334835014, -1.5611712056437501, -3.261500116463457], [0.4197941145259311, 2.1371014938457, 1.4163300105399983, 1.255841199152077, 1.6391008030737495], [0.44964347334835014, 1.4163300105399983, 5.36613761723888, -0.7738411389359658, -2.8920460441455136], [-1.5611712056437501, 1.255841199152077, -0.7738411389359658, 4.968394889465802, 6.581035897400661], [-3.261500116463457, 1.6391008030737495, -2.8920460441455136, 6.581035897400661, 12.158745458097476]], "dtype": "float64", "shape": [5, 5], "Corder": true}}, "case_3": {"expected_value": 0.1376117991954243, "variance": 1.153586990669334, "sample_shape": {"__ndarray__": [17], "dtype": "int64", "shape": [1]}, "sample_values": {"__ndarray__": [1.794280843008586, -0.2808062915267532, 0.5806895417300261, 0.9611737664183551, 0.9611737664183551, 1.794280843008586, 1.794280843008586, 1.794280843008586, -1.3807170242722524, -0.2808062915267532, -0.05981726366166916, -1.3807170242722524], "dtype": "float64", "shape": [12]}, "empirical_mean": 0.12858396683988374, "empirical_variance": 1.123626281774833, "empirical_distribution": {"__ndarray__": [0.2195, 0.2285, 0.1185, 0.024, 0.0895, 0.1565, 0.1635], "dtype": "float64", "shape": [7]}, "theoretical_covariance": 0.01721534746175246, "joint_sample_shape": {"__ndarray__": [3000, 2], "dtype": "int64", "shape": [2]}, "joint_sample_values": {"__ndarray__": [[-1.418596463015558, 0.3609233775911353], [-1.0281157705875381, 0.3609233775911353], [-1.0281157705875381, 0.3609233775911353], [-1.418596463015558, 0.1357538294764863], [-1.418596463015558, 0.3609233775911353], [0.19033698496516738, 0.6080896620009615], [-1.418596463015558, 0.1357538294764863], [-1.418596463015558, 0.3609233775911353]], "dtype": "float64", "shape": [8, 2], "Corder": true}, "empirical_covariance": 0.016722484026841268, "centered": {"__ndarray__": [[-0.9352288095444273, 1.2070834762014238], [0.4264819416339193, -0.640892440022443], [0.1169744412296323, -1.0842868769105962], [0.18765853432378005, 1.065239890284683], [0.2041138923570961, -0.5471440495530673]], "dtype": "float64", "shape": [5, 2], "Corder": true}, "covariance_manual": {"__ndarray__": [[0.22942019984008458, -0.2881680982694742], [-0.2881680982694742, 0.8955148608904041]], "dtype": "float64", "shape": [2, 2], "Corder": true}, "covariance_vectorized": {"__ndarray__": [[0.22942019984008458, -0.2881680982694742], [-0.2881680982694742, 0.8955148608904043]], "dtype": "float64", "shape": [2, 2], "Corder": true}, "numpy_covariance": {"__ndarray__": [[0.22942019984008458, -0.2881680982694742], [-0.2881680982694742, 0.8955148608904043]], "dtype": "float64", "shape": [2, 2], "Corder": true}, "raw_gram_matrix": {"__ndarray__": [[2.5608332219867687, -0.6048030824153041], [-0.6048030824153041, 4.971980909796459]], "dtype": "float64", "shape": [2, 2], "Corder": true}}, "case_4": {"expected_value": -0.6625807639854483, "variance": 0.02780538839570657, "sample_shape": {"__ndarray__": [17], "dtype": "int64", "shape": [1]}, "sample_values": {"__ndarray__": [-0.483122678751293, -0.8173541551228293, -0.483122678751293, -0.483122678751293, -0.483122678751293, -0.483122678751293, -0.483122678751293, -0.483122678751293, -0.8173541551228293, -0.8173541551228293, -0.8173541551228293, -0.8173541551228293], "dtype": "float64", "shape": [12]}, "empirical_mean": -0.6665382766113628, "empirical_variance": 0.027699976804672552, "empirical_distribution": {"__ndarray__": [0.001, 0.5475, 0.4515], "dtype": "float64", "shape": [3]}, "theoretical_covariance": -0.08016413179359416, "joint_sample_shape": {"__ndarray__": [3000, 2], "dtype": "int64", "shape": [2]}, "joint_sample_values": {"__ndarray__": [[-2.0915996696872643, 1.263740530766387], [-0.5698283483984036, -0.015483340011778864], [-0.5698283483984036, -0.015483340011778864], [-2.0915996696872643, -0.015483340011778864], [-2.0915996696872643, 1.263740530766387], [-0.5698283483984036, 1.263740530766387], [-2.0915996696872643, -0.015483340011778864], [-2.0915996696872643, 1.263740530766387]], "dtype": "float64", "shape": [8, 2], "Corder": true}, "empirical_covariance": -0.09953601209518297, "centered": {"__ndarray__": [[-0.4038295012763618, 0.1961185377113347, -0.7380194190220457], [-1.1347801762094452, -0.16433932578608756, 0.252206999643825], [-0.031550720646474684, -0.7018423098577193, 0.07520491880057928], [1.0570624315987174, 0.4440387340440741, -2.1821740911939194], [1.1038755054809604, 1.5369735488578733, 1.5483634271609021], [-0.5907775389473962, -1.3109491849694752, 1.044418164610659]], "dtype": "float64", "shape": [6, 3], "Corder": true}, "covariance_manual": {"__ndarray__": [[0.6894566631358913, 0.5116529397875358, -0.20084180701163068], [0.5116529397875358, 0.8060163959221063, -0.0328873570801308], [-0.20084180701163068, -0.0328873570801308, 1.4773431971251565]], "dtype": "float64", "shape": [3, 3], "Corder": true}, "covariance_vectorized": {"__ndarray__": [[0.6894566631358913, 0.5116529397875358, -0.2008418070116307], [0.5116529397875358, 0.8060163959221063, -0.032887357080130804], [-0.2008418070116307, -0.032887357080130804, 1.4773431971251567]], "dtype": "float64", "shape": [3, 3], "Corder": true}, "numpy_covariance": {"__ndarray__": [[0.6894566631358912, 0.5116529397875358, -0.2008418070116307], [0.5116529397875358, 0.8060163959221063, -0.032887357080130804], [-0.2008418070116307, -0.032887357080130804, 1.4773431971251567]], "dtype": "float64", "shape": [3, 3], "Corder": true}, "raw_gram_matrix": {"__ndarray__": [[4.987041397650812, 4.474286998987415, -1.9201272998263574], [4.474286998987415, 7.155573865464635, -1.378354122289016], [-1.9201272998263574, -1.378354122289016, 9.465415747741728]], "dtype": "float64", "shape": [3, 3], "Corder": true}}, "case_5": {"expected_value": 0.2908864824861399, "variance": 0.6796316482046983, "sample_shape": {"__ndarray__": [17], "dtype": "int64", "shape": [1]}, "sample_values": {"__ndarray__": [1.307142754282428, -0.61906936035496, 0.7818228717773104, 1.307142754282428, 0.7818228717773104, 1.307142754282428, 1.307142754282428, 1.307142754282428, -1.6074832345612275, 0.1846338585323042, 0.22745993460412942, -0.61906936035496], "dtype": "float64", "shape": [12]}, "empirical_mean": 0.2729061243942565, "empirical_variance": 0.6745637471568257, "empirical_distribution": {"__ndarray__": [0.0335, 0.31, 0.117, 0.0775, 0.0115, 0.214, 0.2365], "dtype": "float64", "shape": [7]}, "theoretical_covariance": -0.02938275974663473, "joint_sample_shape": {"__ndarray__": [3000, 2], "dtype": "int64", "shape": [2]}, "joint_sample_values": {"__ndarray__": [[-1.236950710878082, -0.6800247215784908], [0.25049285034587654, 0.23225369716100355], [0.29698467323318606, 0.23225369716100355], [-1.3204566130842763, 0.23225369716100355], [-1.236950710878082, -0.6800247215784908], [0.5219415656168976, 0.3464482094969757], [-1.3204566130842763, 0.23225369716100355], [-1.236950710878082, -0.6800247215784908]], "dtype": "float64", "shape": [8, 2], "Corder": true}, "empirical_covariance": -0.03144371415329188, "centered": {"__ndarray__": [[0.21480562583161084, -0.8859657211897486, 1.6082776717076417, 0.021391531043919276], [-1.269570344669719, 0.48493930547044894, -1.2321785096644362, 0.3346432138745838], [1.0803287315403336, -0.9922966215150912, 0.7058792898072069, -0.03966046293136993], [0.7437933125274196, 1.7251786794905666, -0.5028849554399853, -1.2061775542253579], [-0.9677812770925938, -0.9874245881288191, -0.3345985488512191, -0.11128941505122436], [0.19842395186294864, 0.655568945872643, -0.24449494755920786, 1.0010926872894486]], "dtype": "float64", "shape": [6, 4], "Corder": true}, "covariance_manual": {"__ndarray__": [[0.7257102736449398, 0.08181440696364914, 0.4289413591929842, -0.17565110598549483], [0.08181440696364914, 1.0642955683977413, -0.5700518627615944, -0.18866869830331212], [0.4289413591929842, -0.5700518627615944, 0.8379522945756913, -0.0011480726499859956], [-0.17565110598549483, -0.18866869830331212, -0.0011480726499859956, 0.4305754708794273]], "dtype": "float64", "shape": [4, 4], "Corder": true}, "covariance_vectorized": {"__ndarray__": [[0.7257102736449398, 0.08181440696364913, 0.4289413591929842, -0.17565110598549483], [0.08181440696364913, 1.0642955683977413, -0.5700518627615944, -0.18866869830331215], [0.4289413591929842, -0.5700518627615944, 0.8379522945756913, -0.001148072649985996], [-0.17565110598549483, -0.18866869830331215, -0.001148072649985996, 0.4305754708794272]], "dtype": "float64", "shape": [4, 4], "Corder": true}, "numpy_covariance": {"__ndarray__": [[0.7257102736449397, 0.08181440696364913, 0.42894135919298415, -0.17565110598549483], [0.08181440696364913, 1.0642955683977413, -0.5700518627615944, -0.18866869830331215], [0.42894135919298415, -0.5700518627615944, 0.8379522945756912, -0.001148072649985996], [-0.17565110598549483, -0.18866869830331215, -0.001148072649985996, 0.4305754708794272]], "dtype": "float64", "shape": [4, 4], "Corder": true}, "raw_gram_matrix": {"__ndarray__": [[4.391015838344241, 0.5714767047150301, 2.694568950290769, -0.8414396684215022], [0.5714767047150301, 6.562482224687964, -3.1551703325689258, -0.6661397067531988], [2.694568950290769, -3.1551703325689258, 5.425541501374767, 0.6921249316291532], [-0.8414396684215022, -0.6661397067531988, 0.6921249316291532, 3.811672092869973]], "dtype": "float64", "shape": [4, 4], "Corder": true}}, "case_6": {"expected_value": -0.061414307070658425, "variance": 1.0765650676107512, "sample_shape": {"__ndarray__": [17], "dtype": "int64", "shape": [1]}, "sample_values": {"__ndarray__": [1.389602828146591, -0.8552405188798108, -0.44930438609578205, 1.389602828146591, 1.389602828146591, 1.389602828146591, 1.389602828146591, 1.389602828146591, -1.147719972825, -0.44930438609578205, -0.44930438609578205, -1.147719972825], "dtype": "float64", "shape": [12]}, "empirical_mean": -0.08506647848047612, "empirical_variance": 1.0505788178341995, "empirical_distribution": {"__ndarray__": [0.0665, 0.1635, 0.1925, 0.257, 0.012, 0.3085], "dtype": "float64", "shape": [6]}, "theoretical_covariance": -0.06916439730023366, "joint_sample_shape": {"__ndarray__": [3000, 2], "dtype": "int64", "shape": [2]}, "joint_sample_values": {"__ndarray__": [[-1.8018879690065603, -0.5559448977746174], [-0.7281792493633337, -0.5104932195775956], [0.41863946917260186, -1.5514339440906522], [-1.8018879690065603, -1.5514339440906522], [-1.8018879690065603, -0.5559448977746174], [0.4677170774981168, -0.5559448977746174], [-1.8018879690065603, -0.7329511350437232], [-1.8018879690065603, -0.5559448977746174]], "dtype": "float64", "shape": [8, 2], "Corder": true}, "empirical_covariance": -0.08394209697000098, "centered": {"__ndarray__": [[-0.9314600966966935, -0.9964481952602261], [1.196622820873296, -0.6360228605531203], [0.3976551759848833, 0.7139425935166408], [-0.6628179001614858, 0.9185284622967054]], "dtype": "float64", "shape": [4, 2], "Corder": true}, "covariance_manual": {"__ndarray__": [[0.7242453237337569, -0.039460469043684734], [-0.039460469043684734, 0.6877106619674883]], "dtype": "float64", "shape": [2, 2], "Corder": true}, "covariance_vectorized": {"__ndarray__": [[0.7242453237337569, -0.03946046904368472], [-0.03946046904368472, 0.6877106619674882]], "dtype": "float64", "shape": [2, 2], "Corder": true}, "numpy_covariance": {"__ndarray__": [[0.7242453237337569, -0.03946046904368472], [-0.03946046904368472, 0.6877106619674882]], "dtype": "float64", "shape": [2, 2], "Corder": true}, "raw_gram_matrix": {"__ndarray__": [[5.480878522118622, -1.9713961106612465], [-1.9713961106612465, 4.02371794910973]], "dtype": "float64", "shape": [2, 2], "Corder": true}}, "case_7": {"expected_value": -0.21847367700031958, "variance": 0.8399782963350231, "sample_shape": {"__ndarray__": [17], "dtype": "int64", "shape": [1]}, "sample_values": {"__ndarray__": [0.8657551941701215, -1.2002964070557762, 0.5049872789804571, 0.8657551941701215, 0.5049872789804571, 0.8657551941701215, 0.8657551941701215, 0.8657551941701215, -1.8803125884525564, -0.3345012358409484, -0.3345012358409484, -1.8803125884525564], "dtype": "float64", "shape": [12]}, "empirical_mean": -0.23610352274304602, "empirical_variance": 0.8173677729449907, "empirical_distribution": {"__ndarray__": [0.073, 0.245, 0.034, 0.0165, 0.2095, 0.194, 0.228], "dtype": "float64", "shape": [7]}, "theoretical_covariance": 0.18932459294964477, "joint_sample_shape": {"__ndarray__": [3000, 2], "dtype": "int64", "shape": [2]}, "joint_sample_values": {"__ndarray__": [[0.40498171096095553, -1.5193699659540134], [0.40498171096095553, 2.1221561970126332], [0.40498171096095553, 2.1221561970126332], [0.40498171096095553, -1.5193699659540134], [0.40498171096095553, -1.2608839543350452], [1.7654542402810969, 2.1221561970126332], [0.40498171096095553, -1.5193699659540134], [0.40498171096095553, -1.5193699659540134]], "dtype": "float64", "shape": [8, 2], "Corder": true}, "empirical_covariance": 0.15991398487710176, "centered": {"__ndarray__": [[-0.1339511144027105, 1.0643687384019829, -0.30377421024795526, 0.5747943141395073, 0.6304673569026772], [-0.5766475131145421, -0.26206776684644, -2.837372084698247, -0.893412755341011, -0.39673484791981994], [-0.8975002235013086, 1.4298688931469954, -1.0262461225898072, -0.3090696007037049, -0.013426119240568274], [1.7915562475296563, -1.6384045619640792, 1.567059007525785, 0.14120794701286588, -1.1256753475746106], [0.8123864327268115, -0.0034827152111698845, -0.1963216217879692, 0.20077697098329775, -0.5294802933884198], [0.46380030371478886, 0.45958826373640677, 1.9899120715161775, -1.1068406128335702, 1.988866678129607], [-1.6018048410589611, -0.3543275058202232, 0.992212461855402, 0.4119667537283115, -0.7668662163472534], [0.14216070810626563, -0.6955433454434727, -0.18546950157338604, 0.9805769830143034, 0.21284878943838773]], "dtype": "float64", "shape": [8, 5], "Corder": true}, "covariance_manual": {"__ndarray__": [[0.9783395685315098, -0.44138022342690963, 0.5691400663365235, 0.01222832157713195, -0.013676660401944745], [-0.44138022342690963, 0.8438771142752994, -0.3652450205235715, -0.14559401498068344, 0.4549644053158425], [0.5691400663365235, -0.3652450205235715, 2.0836238615071574, 0.11046980665760295, 0.30564881686948886], [0.01222832157713195, -0.14559401498068344, 0.11046980665760295, 0.4550867396802197, -0.2316052872721403], [-0.013676660401944745, 0.4549644053158425, 0.30564881686948886, -0.2316052872721403, 0.8364426652362522]], "dtype": "float64", "shape": [5, 5], "Corder": true}, "covariance_vectorized": {"__ndarray__": [[0.9783395685315099, -0.4413802234269095, 0.5691400663365234, 0.01222832157713198, -0.013676660401944742], [-0.4413802234269095, 0.8438771142752993, -0.36524502052357144, -0.14559401498068344, 0.4549644053158425], [0.5691400663365234, -0.36524502052357144, 2.0836238615071574, 0.11046980665760296, 0.30564881686948886], [0.01222832157713198, -0.14559401498068344, 0.11046980665760296, 0.4550867396802197, -0.2316052872721403], [-0.013676660401944742, 0.4549644053158425, 0.30564881686948886, -0.2316052872721403, 0.8364426652362521]], "dtype": "float64", "shape": [5, 5], "Corder": true}, "numpy_covariance": {"__ndarray__": [[0.9783395685315099, -0.4413802234269095, 0.5691400663365234, 0.01222832157713198, -0.013676660401944742], [-0.4413802234269095, 0.8438771142752993, -0.36524502052357144, -0.14559401498068344, 0.4549644053158425], [0.5691400663365234, -0.36524502052357144, 2.0836238615071574, 0.11046980665760296, 0.30564881686948886], [0.01222832157713198, -0.14559401498068344, 0.11046980665760296, 0.4550867396802197, -0.2316052872721403], [-0.013676660401944742, 0.4549644053158425, 0.30564881686948886, -0.2316052872721403, 0.8364426652362521]], "dtype": "float64", "shape": [5, 5], "Corder": true}, "raw_gram_matrix": {"__ndarray__": [[8.808301756171845, -4.098619026327128, 5.684941530377629, 0.4648527370182614, -0.5134063789857483], [-4.098619026327128, 7.079204339534025, -3.5764075140068505, -1.3769758731360442, 3.873314204681678], [5.684941530377629, -3.5764075140068505, 17.974041910545775, 1.3069595334641853, 1.979364577279084], [0.4648527370182614, -1.3769758731360442, 1.3069595334641853, 3.7779292835293767, -2.003900031309978], [-0.5134063789857483, 3.873314204681678, 1.979364577279084, -2.003900031309978, 6.857813612989298]], "dtype": "float64", "shape": [5, 5], "Corder": true}}, "case_8": {"expected_value": 0.19512550365547515, "variance": 0.35612268399438995, "sample_shape": {"__ndarray__": [17], "dtype": "int64", "shape": [1]}, "sample_values": {"__ndarray__": [0.6819529712949639, -0.13014305436768459, 0.3241663524884421, 0.6819529712949639, 0.6819529712949639, 1.305478807154329, 0.6819529712949639, 1.305478807154329, -0.6929095952606542, 0.02100384163275905, 0.3241663524884421, -0.6929095952606542], "dtype": "float64", "shape": [12]}, "empirical_mean": 0.1863891960575005, "empirical_variance": 0.3524509740160423, "empirical_distribution": {"__ndarray__": [0.1885, 0.068, 0.051, 0.1805, 0.192, 0.223, 0.097], "dtype": "float64", "shape": [7]}, "theoretical_covariance": -0.01716520500437335, "joint_sample_shape": {"__ndarray__": [3000, 2], "dtype": "int64", "shape": [2]}, "joint_sample_values": {"__ndarray__": [[-0.8182206832334725, -1.006017381499702], [0.5951570254369136, -1.2141886127877322], [0.5951570254369136, -1.2141886127877322], [-0.8182206832334725, -1.2141886127877322], [-0.8182206832334725, -1.006017381499702], [2.0923872756854602, -1.006017381499702], [-0.8182206832334725, -1.2141886127877322], [-0.8182206832334725, -1.006017381499702]], "dtype": "float64", "shape": [8, 2], "Corder": true}, "empirical_covariance": -0.017392518756737124, "centered": {"__ndarray__": [[0.8140619496715109, 0.9611735019243408], [0.2800708932235982, 0.7978563172256848], [-0.35629569667547156, -0.7277435635244266], [-0.2682443656348306, -0.5076509035507067], [0.6310708095891941, 0.022453426459266262], [-1.1695461206210684, -0.15187503369158853], [0.06888253044706738, -0.39421374484256977]], "dtype": "float64", "shape": [7, 2], "Corder": true}, "covariance_manual": {"__ndarray__": [[0.38726736061064015, 0.22371680273395225], [0.22371680273395225, 0.36096057095812845]], "dtype": "float64", "shape": [2, 2], "Corder": true}, "covariance_vectorized": {"__ndarray__": [[0.38726736061064015, 0.22371680273395225], [0.22371680273395225, 0.36096057095812856]], "dtype": "float64", "shape": [2, 2], "Corder": true}, "numpy_covariance": {"__ndarray__": [[0.38726736061064015, 0.22371680273395225], [0.22371680273395225, 0.3609605709581285]], "dtype": "float64", "shape": [2, 2], "Corder": true}, "raw_gram_matrix": {"__ndarray__": [[3.539459158187598, 1.1577775417426521], [1.1577775417426521, 2.727861394816997]], "dtype": "float64", "shape": [2, 2], "Corder": true}}, "case_9": {"expected_value": 0.44051540794502025, "variance": 0.6451579253282074, "sample_shape": {"__ndarray__": [17], "dtype": "int64", "shape": [1]}, "sample_values": {"__ndarray__": [1.475356216949552, -0.21344715171184725, 0.3109075655980046, 1.475356216949552, 1.475356216949552, 1.475356216949552, 1.475356216949552, 1.475356216949552, -0.21344715171184725, -0.1599385299634271, -0.1599385299634271, -0.21344715171184725], "dtype": "float64", "shape": [12]}, "empirical_mean": 0.41168111111464417, "empirical_variance": 0.6327884887813302, "empirical_distribution": {"__ndarray__": [0.028, 0.303, 0.2665, 0.0295, 0.033, 0.34], "dtype": "float64", "shape": [6]}, "theoretical_covariance": 0.0022555695167636655, "joint_sample_shape": {"__ndarray__": [3000, 2], "dtype": "int64", "shape": [2]}, "joint_sample_values": {"__ndarray__": [[-1.0025293646378088, -0.2886586389201383], [-0.01901620790268883, -0.2886586389201383], [-0.01901620790268883, -0.2886586389201383], [-1.0025293646378088, -0.2886586389201383], [-1.0025293646378088, -0.2886586389201383], [-0.01901620790268883, -0.01851313599238993], [-1.0025293646378088, -0.2886586389201383], [-1.0025293646378088, -0.2886586389201383]], "dtype": "float64", "shape": [8, 2], "Corder": true}, "empirical_covariance": -0.00012162773602361776, "centered": {"__ndarray__": [[-0.45569490499295867, -0.8620048485479372, 0.8545502299200975, 1.3267016260615918, -0.2742891669455052], [-0.3767017432321067, 0.6553700867154982, -0.06601675620691105, 0.018055194869430774, -0.15293661770685274], [-0.6807373667822164, -0.8077836888510808, 0.3597138899378679, 0.29196100430446376, 1.2856145893063942], [0.1808573607541587, 2.118408552515942, -0.4321438472091243, 0.6662833497796922, 0.01781298724970415], [1.4113894678866241, -0.8430721903507657, -0.5045181265018508, -0.8054299323850082, -2.2894247427984546], [-1.3041684870118093, -0.7939065665493122, 0.48559750215513287, 0.13571868883617344, 1.7106418207272387], [0.1720103728550021, -0.6116775606580174, -0.5632109556694327, 0.2858818845655197, -1.4857622255092897], [1.0530453005233056, 1.1446662157256728, -0.1339719364257796, -1.9191718160318634, 1.1883433556767653]], "dtype": "float64", "shape": [8, 5], "Corder": true}, "covariance_manual": {"__ndarray__": [[0.7096303053953863, 0.2530757117472336, -0.28386272686425407, -0.49689933561520366, -0.6444703583670065], [0.2530757117472336, 1.1672750163771763, -0.2193679466512905, -0.2195703056090316, 0.24707120754441933], [-0.28386272686425407, -0.2193679466512905, 0.23453190365693757, 0.1897494280718175, 0.3617238425533889], [-0.49689933561520366, -0.2195703056090316, 0.1897494280718175, 0.8402154718424082, -0.07608670762933151], [-0.6444703583670065, 0.24707120754441933, 0.3617238425533889, -0.07608670762933151, 1.6923945930477102]], "dtype": "float64", "shape": [5, 5], "Corder": true}, "covariance_vectorized": {"__ndarray__": [[0.7096303053953865, 0.25307571174723364, -0.2838627268642541, -0.49689933561520366, -0.6444703583670065], [0.25307571174723364, 1.1672750163771763, -0.2193679466512905, -0.2195703056090316, 0.24707120754441933], [-0.2838627268642541, -0.2193679466512905, 0.23453190365693757, 0.18974942807181747, 0.3617238425533889], [-0.49689933561520366, -0.2195703056090316, 0.18974942807181747, 0.8402154718424082, -0.07608670762933152], [-0.6444703583670065, 0.24707120754441933, 0.3617238425533889, -0.07608670762933152, 1.6923945930477104]], "dtype": "float64", "shape": [5, 5], "Corder": true}, "numpy_covariance": {"__ndarray__": [[0.7096303053953865, 0.25307571174723364, -0.2838627268642541, -0.49689933561520366, -0.6444703583670065], [0.25307571174723364, 1.1672750163771763, -0.2193679466512905, -0.2195703056090316, 0.24707120754441933], [-0.2838627268642541, -0.2193679466512905, 0.23453190365693757, 0.18974942807181747, 0.3617238425533889], [-0.49689933561520366, -0.2195703056090316, 0.18974942807181747, 0.8402154718424082, -0.07608670762933152], [-0.6444703583670065, 0.24707120754441933, 0.3617238425533889, -0.07608670762933152, 1.6923945930477104]], "dtype": "float64", "shape": [5, 5], "Corder": true}, "raw_gram_matrix": {"__ndarray__": [[10.524462627232618, 2.2411535011036983, -4.358318502221837, -2.6921370968005056, -4.12496273177929], [2.2411535011036983, 9.347873926766562, -1.8481943105158902, -1.6992446765391331, 2.022618383258886], [-4.358318502221837, -1.8481943105158902, 2.775147477295162, 0.9654797113663522, 2.4499032040264703], [-2.6921370968005056, -1.6992446765391331, 0.9654797113663522, 7.061334683619284, -0.33585246199941016], [-4.12496273177929, 2.022618383258886, 2.4499032040264703, -0.33585246199941016, 13.758355592076201]], "dtype": "float64", "shape": [5, 5], "Corder": true}}, "case_10": {"expected_value": 0.056685058651472386, "variance": 0.4777258250114047, "sample_shape": {"__ndarray__": [17], "dtype": "int64", "shape": [1]}, "sample_values": {"__ndarray__": [0.7116148780888898, -0.1423794850212935, 0.7116148780888898, 0.7116148780888898, 0.7116148780888898, 0.7116148780888898, 0.7116148780888898, 0.7116148780888898, -1.0676204293825944, 0.12029563171189886, 0.12029563171189886, -1.0676204293825944], "dtype": "float64", "shape": [12]}, "empirical_mean": 0.051928396071979493, "empirical_variance": 0.46069546785667104, "empirical_distribution": {"__ndarray__": [0.2175, 0.215, 0.1415, 0.0275, 0.3985], "dtype": "float64", "shape": [5]}, "theoretical_covariance": -0.1458382890592464, "joint_sample_shape": {"__ndarray__": [3000, 2], "dtype": "int64", "shape": [2]}, "joint_sample_values": {"__ndarray__": [[-1.5341141707356223, -0.7484865365565536], [-1.1246420918378692, 1.551151975522523], [0.33231401197959165, -0.7484865365565536], [-1.5341141707356223, -0.7484865365565536], [-1.5341141707356223, 1.551151975522523], [1.277676821898509, -0.7484865365565536], [-1.5341141707356223, -0.7484865365565536], [-1.5341141707356223, -0.7484865365565536]], "dtype": "float64", "shape": [8, 2], "Corder": true}, "empirical_covariance": -0.15455852653858348, "centered": {"__ndarray__": [[-0.030177398513153833, 0.8946356104124467], [-0.07833355139590355, 1.7760863512306073], [1.609488809637192, -0.5336257221304532], [0.8257189181483429, 0.3607143759337678], [1.2227795247263362, -1.2495850342314843], [0.5401994271924269, 0.773762913198208], [-1.9045915192291267, -1.4679200863171549], [-2.1850842105661132, -0.5540684080959375]], "dtype": "float64", "shape": [8, 2], "Corder": true}, "covariance_manual": {"__ndarray__": [[1.6835474788005713, 0.27116908684690855], [0.27116908684690855, 1.1239599823812307]], "dtype": "float64", "shape": [2, 2], "Corder": true}, "covariance_vectorized": {"__ndarray__": [[1.6835474788005713, 0.27116908684690855], [0.27116908684690855, 1.1239599823812307]], "dtype": "float64", "shape": [2, 2], "Corder": true}, "numpy_covariance": {"__ndarray__": [[1.6835474788005713, 0.27116908684690855], [0.27116908684690855, 1.1239599823812307]], "dtype": "float64", "shape": [2, 2], "Corder": true}, "raw_gram_matrix": {"__ndarray__": [[13.63856235419374, 2.5015004482057663], [2.5015004482057663, 9.639937551159285]], "dtype": "float64", "shape": [2, 2], "Corder": true}}, "case_11": {"expected_value": 0.20657005465247588, "variance": 0.4965404555514229, "sample_shape": {"__ndarray__": [17], "dtype": "int64", "shape": [1]}, "sample_values": {"__ndarray__": [0.7175422557959623, 0.5040465155178444, 0.5040465155178444, 0.7175422557959623, 0.7175422557959623, 0.7175422557959623, 0.7175422557959623, 0.7175422557959623, -0.9857260463355437, 0.5040465155178444, 0.5040465155178444, -0.9857260463355437], "dtype": "float64", "shape": [12]}, "empirical_mean": 0.20549169167109982, "empirical_variance": 0.4916453590525672, "empirical_distribution": {"__ndarray__": [0.254, 0.372, 0.374], "dtype": "float64", "shape": [3]}, "theoretical_covariance": 0.06490831083725222, "joint_sample_shape": {"__ndarray__": [3000, 2], "dtype": "int64", "shape": [2]}, "joint_sample_values": {"__ndarray__": [[-1.035242322419374, -0.6997255079925856], [-0.7928728322623442, 1.9647251329163893], [-0.553649305347182, -0.6997255079925856], [-1.035242322419374, -0.6997255079925856], [-1.035242322419374, 0.03526355197172861], [-0.10703035995455783, 0.03526355197172861], [-1.035242322419374, -0.6997255079925856], [-1.035242322419374, -0.6997255079925856]], "dtype": "float64", "shape": [8, 2], "Corder": true}, "empirical_covariance": 0.06557403390228056, "centered": {"__ndarray__": [[0.1266311055581008, -0.3732834475311336, -0.07502274246921456], [0.526817894867304, 0.4965523122070013, -0.384554290546519], [-0.6631670458208012, -0.5360070949919478, -2.1559743076715763], [-1.6025398673746736, 1.1059188696042208, 1.790914570565292], [-0.3363848447324995, 0.3156015652154626, 0.45719701160754456], [2.9915320032791164, 0.8586195135942729, 0.018029265583241888], [-1.042889245776547, -1.8674017180978764, 0.3494104929312315]], "dtype": "float64", "shape": [7, 3], "Corder": true}, "covariance_manual": {"__ndarray__": [[1.9216476511143508, 0.45820340723669734, -0.3023695209644421], [0.45820340723669734, 0.8886122681190641, 0.3543656836687537], [-0.3023695209644421, 0.3543656836687537, 1.1915074975827318]], "dtype": "float64", "shape": [3, 3], "Corder": true}, "covariance_vectorized": {"__ndarray__": [[1.9216476511143508, 0.4582034072366974, -0.3023695209644421], [0.4582034072366974, 0.8886122681190641, 0.3543656836687537], [-0.3023695209644421, 0.3543656836687537, 1.1915074975827318]], "dtype": "float64", "shape": [3, 3], "Corder": true}, "numpy_covariance": {"__ndarray__": [[1.9216476511143508, 0.4582034072366974, -0.3023695209644421], [0.4582034072366974, 0.8886122681190641, 0.3543656836687537], [-0.3023695209644421, 0.3543656836687537, 1.1915074975827318]], "dtype": "float64", "shape": [3, 3], "Corder": true}, "raw_gram_matrix": {"__ndarray__": [[13.504942254160328, 3.366982846096151, -2.2058246318373533], [3.366982846096151, 6.696969914467387, 2.2139604446405143], [-2.2058246318373533, 2.2139604446405143, 8.489655878687158]], "dtype": "float64", "shape": [3, 3], "Corder": true}}, "case_12": {"expected_value": 1.0825211145337443, "variance": 0.28273941572547245, "sample_shape": {"__ndarray__": [17], "dtype": "int64", "shape": [1]}, "sample_values": {"__ndarray__": [1.4794339278288249, 0.40156056812599866, 1.4794339278288249, 1.4794339278288249, 1.4794339278288249, 1.4794339278288249, 1.4794339278288249, 1.4794339278288249, 0.40156056812599866, 1.4794339278288249, 1.4794339278288249, 0.40156056812599866], "dtype": "float64", "shape": [12]}, "empirical_mean": 1.0787786913033737, "empirical_variance": 0.2844741322274779, "empirical_distribution": {"__ndarray__": [0.3815, 0.5555, 0.063], "dtype": "float64", "shape": [3]}, "theoretical_covariance": 0.06644202397308654, "joint_sample_shape": {"__ndarray__": [3000, 2], "dtype": "int64", "shape": [2]}, "joint_sample_values": {"__ndarray__": [[-1.5230762388803532, -0.011227443379638035], [0.2259972740940297, -0.011227443379638035], [0.2259972740940297, 0.839747437897714], [-1.5230762388803532, -0.011227443379638035], [-1.5230762388803532, 0.839747437897714], [1.9861364062268827, 0.839747437897714], [-1.5230762388803532, -0.011227443379638035], [-1.5230762388803532, -0.011227443379638035]], "dtype": "float64", "shape": [8, 2], "Corder": true}, "empirical_covariance": 0.07149203092824573, "centered": {"__ndarray__": [[-1.9795009527191607, 0.5842122559536249, -0.37462546066695546], [-0.5477458759616383, -2.1903163208217316, 0.6171101320453938], [-0.19630285672031356, 1.882798653627789, -0.2548817189640935], [0.22483321351325058, 0.9194522730940885, -1.926535631094112], [2.2751930295958216, -0.343158290933791, 0.31419252970956374], [0.2990750899433797, -0.7271500310014717, 1.6666062590146822], [-0.07555164765133937, -0.125838539918508, -0.041866110044478655]], "dtype": "float64", "shape": [7, 3], "Corder": true}, "covariance_manual": {"__ndarray__": [[1.368455947816169, -0.15832911914987394, 0.17669840901268002], [-0.15832911914987394, 1.4559218451736906, -0.7337425566075089], [0.17669840901268002, -0.7337425566075089, 1.0251027884103938]], "dtype": "float64", "shape": [3, 3], "Corder": true}, "covariance_vectorized": {"__ndarray__": [[1.368455947816169, -0.15832911914987396, 0.17669840901268005], [-0.15832911914987396, 1.4559218451736906, -0.7337425566075089], [0.17669840901268005, -0.7337425566075089, 1.0251027884103938]], "dtype": "float64", "shape": [3, 3], "Corder": true}, "numpy_covariance": {"__ndarray__": [[1.3684559478161689, -0.15832911914987396, 0.17669840901268005], [-0.15832911914987396, 1.4559218451736904, -0.7337425566075089], [0.17669840901268005, -0.7337425566075089, 1.0251027884103936]], "dtype": "float64", "shape": [3, 3], "Corder": true}, "raw_gram_matrix": {"__ndarray__": [[10.395580455252693, -1.3177973860597882, 1.6680818167791582], [-1.3177973860597882, 10.245211060901163, -5.246846328957554], [1.6680818167791582, -5.246846328957554, 7.403463160915012]], "dtype": "float64", "shape": [3, 3], "Corder": true}}, "case_13": {"expected_value": 0.3788432213385554, "variance": 0.21542931456265177, "sample_shape": {"__ndarray__": [17], "dtype": "int64", "shape": [1]}, "sample_values": {"__ndarray__": [0.7628472907981209, 0.49729177783077516, 0.6379666990209654, 0.6379666990209654, 0.6379666990209654, 0.7628472907981209, 0.7628472907981209, 0.7628472907981209, -0.44243237491129733, 0.5793034368722204, 0.5793034368722204, -0.44243237491129733], "dtype": "float64", "shape": [12]}, "empirical_mean": 0.37981580999133263, "empirical_variance": 0.21168749559061614, "empirical_distribution": {"__ndarray__": [0.2325, 0.153, 0.1945, 0.212, 0.208], "dtype": "float64", "shape": [5]}, "theoretical_covariance": 0.05512981209520834, "joint_sample_shape": {"__ndarray__": [3000, 2], "dtype": "int64", "shape": [2]}, "joint_sample_values": {"__ndarray__": [[-0.2740443572310294, -0.39837339017694856], [0.4587101715590127, 0.6081138912183334], [0.4587101715590127, 1.7092924947296217], [-1.2911243889487058, 0.608113